25
45
41
39
52
44
44
42
51
57
51
76
86
86
97
81
102
97
129
137
149
177
199
220
263
237
261
322
358
416
587
646
817
876
928
968
940
833
797
808
725
670
711
704
690
686
659
643
681
717
617
643
590
627
619
601
597
586
650
548
548
576
556
538
560
558
562
529
546
531
569
589
543
516
545
656
647
612
619
586
563
568
550
547
492
527
545
524
498
466
463
491
537
502
470
544
543
586
591
560
584
624
618
639
685
671
700
760
679
697
694
682
665
693
613
617
554
572
496
543
484
494
489
512
411
367
325
331
315
300
261
265
266
282
272
284
264
230
203
184
171
187
238
187
195
209
172
192
149
147
144
148
170
195
149
175
145
167
183
204
202
190
193
185
167
166
170
158
179
162
146
179
198
214
167
156
146
137
107
111
103
114
104
105
83
90
98
98
91
94
81
108
110
100
131
123
103
124
99
100
89
74
73
80
63
61
55
50
51
63
48
40
62
53
49
52
54
51
44
40
53
53
30
27
18
28
28
16
9
12
5
2
2
2
3
4
3
2
0
1
1
1
0
0
1
0
0
0
0
0
0
1
1
0
0
0
