0
0
0
0
0
0
0
0
0
0
0
0
0
0
0
0
0
0
0
0
0
0
0
0
0
0
0
0
0
0
0
1
1
1
2
3
3
5
6
7
9
11
13
15
18
20
23
26
29
31
34
37
39
42
44
46
48
50
52
54
55
57
58
59
61
62
63
64
65
66
67
68
69
69
70
71
72
73
74
75
75
76
77
78
79
80
81
81
82
83
84
85
86
87
88
89
91
92
93
94
96
97
99
100
101
102
104
105
106
107
109
110
111
112
114
115
116
117
119
120
122
123
125
127
128
130
131
133
135
137
138
140
142
144
146
147
149
151
153
155
157
159
160
162
164
166
167
169
171
173
175
177
179
181
184
186
188
190
191
193
194
196
197
198
199
201
202
203
205
206
207
208
210
211
212
213
215
216
217
218
219
220
221
222
223
224
226
227
228
229
230
231
232
234
235
237
238
239
240
242
243
244
245
247
248
249
249
250
251
251
252
252
253
253
253
253
253
254
254
254
254
254
255
255
255
255
255
255
255
255
255
255
255
255
255
255
255
255
255
255
255
255
255
255
255
255
255
255
255
255
255
255
255
255
255
255
