445
112
72
64
77
74
85
92
81
68
74
71
67
61
63
61
64
62
47
63
51
58
64
59
50
58
55
64
67
71
57
58
75
77
77
78
96
90
100
96
96
99
122
102
138
142
109
132
130
154
148
132
153
145
151
181
150
166
196
208
213
200
209
211
235
231
222
221
269
239
262
256
282
262
249
283
277
304
297
322
362
321
356
388
450
429
498
507
530
530
625
631
692
688
705
747
789
844
924
899
900
957
930
997
1015
975
1110
1090
1093
1055
1066
1034
963
1008
1008
903
840
771
697
620
503
512
473
415
378
364
330
267
254
220
207
184
198
163
157
139
148
143
124
112
116
112
102
118
96
127
87
101
95
104
105
126
112
110
126
128
121
159
145
157
172
182
213
238
229
251
265
290
305
336
343
398
382
389
462
481
491
525
645
800
1108
1521
1619
1606
1380
998
835
674
537
512
403
382
353
376
287
310
288
250
218
167
171
168
158
159
114
121
100
114
78
76
85
82
58
64
49
49
62
41
52
52
31
33
36
38
31
37
42
43
35
30
33
39
40
47
33
47
24
42
37
44
44
37
60
52
68
64
75
94
120
129
146
150
154
249
512
1343
